6
2
2
1
3
4
5

CHECKED
2 4 7 *9* 5 9
2 4 *7* 5 9 9
2 4 5 7 9 9 !
2 4 5 7 9 9

CHECKED
1 *3* 2 2 4 5 6
1 2 2 3 4 5 6 !
1 2 2 3 4 5 6

CHECKED
1 *3* 3 2 4 5 6
1 2 3 3 4 5 6 !
1 2 3 3 4 5 6

CHECKED
1 2 3 3 4 *5* 1
1 2 3 3 *4* 1 5
1 2 *3* 3 1 4 5
1 *2* 1 3 3 4 5
1 1 2 3 3 4 5 !
1 1 2 3 3 4 5

CHECKED
2 4 7 7 *9* 3
2 4 *7* 7 3 9
2 *4* 3 7 7 9
2 3 4 7 7 9 !
2 3 4 7 7 9

CHECKED
*3* 1 2 3 4 4 5
1 *3* 2 3 4 4 5
1 2 3 3 4 4 5 !
1 2 3 3 4 4 5


*2* 2 1 3 4 5
1 2 2 3 4 5 !
1 2 2 3 4 5

CHECKED
*3* 1 2 2 4 5
1 *3* 2 2 4 5
1 2 2 3 4 5

*5* 4
4 5 !
4 5

5 4 3
